params:
  dataset.seed: 156
  model.beta: 0.9137451119974369
  model.threshold: 0.6560186404424365
  trainer.feedback_scale: 1.4907884894416696
  trainer.lr: 0.00031489116479568613
  trainer.surrogate_scale: 0.9556428757689246
trial: 0
value: 0.2489
