params:
  dataset.seed: 326
  model.beta: 0.8372367438596376
  model.threshold: 0.5452272889105381
  trainer.feedback_scale: 0.2681357538986471
  trainer.lr: 0.002463768595899745
  trainer.surrogate_scale: 0.9296868115208051
trial: 9
value: 0.888
