params:
  model.beta: 0.8403444310288725
  model.threshold: 0.6818249672071006
  trainer.lr: 0.021368329072358756
trial: 4
value: 0.7121212121212122
