params:
  dataset.seed: 987
  model.beta: 0.9524174263432675
  model.threshold: 0.5745506436797708
  trainer.delta: 0.2268318024772864
  trainer.g_scale: 0.6337755684060234
  trainer.lr: 0.00026730883107816685
  trainer.surrogate_scale: 11.31122558000672
trial: 9
value: 0.3522
