params:
  dataset.seed: 970
  model.beta: 0.9345337897812487
  model.threshold: 0.5205844942958024
  trainer.etrace_decay: 0.9244263114297182
  trainer.gamma: 0.5808920093945671
  trainer.lr: 1.7073967431528103e-05
trial: 1
value: 0.7322910264290104
