params:
  dataset.seed: 829
  model.beta: 0.8738486850410017
  model.threshold: 0.7713490317738959
  trainer.alpha: 0.23422389067399646
  trainer.beta: 0.5221613715661636
  trainer.lr: 2.1248638632431267e-05
  trainer.vth: 0.6903963969159173
trial: 8
value: 0.45655347264904733
