params:
  dataset.seed: 895
  model.beta: 0.9472752364386118
  model.threshold: 1.4394989415641892
  trainer.feedback_scale: 1.9422107927526613
  trainer.lr: 0.0015375920235481753
  trainer.surrogate_scale: 0.26636900997297436
trial: 8
value: 0.26855123674911663
