params:
  dataset.seed: 809
  model.beta: 0.9802882520781333
  model.threshold: 1.4656320330745594
  trainer.etrace_decay: 0.5835568206067728
  trainer.gamma: 0.15204127438822362
  trainer.lr: 0.0026926469100861782
trial: 5
value: 0.0828
