params:
  dataset.seed: 612
  model.beta: 0.882069553542002
  model.threshold: 0.7912291401980419
  trainer.alpha: 0.2224002392622278
  trainer.beta: 0.6490786990501735
  trainer.lr: 4.7050592819076514e-05
  trainer.vth: 0.9297077179586855
trial: 2
value: 0.7007575757575758
