params:
  dataset.seed: 184
  model.beta: 0.8403444310288725
  model.threshold: 0.6818249672071006
  trainer.lr: 0.021368329072358756
trial: 3
value: 0.7083333333333334
