params:
  dataset.seed: 515
  model.beta: 0.9491834326646726
  model.threshold: 0.6996737821583597
  trainer.lr: 0.0006672367170464204
trial: 6
value: 0.958
