params:
  dataset.seed: 922
  model.beta: 0.9700171965812533
  model.threshold: 1.097899978811085
  trainer.alpha: 0.961409550098685
  trainer.beta: 0.8798150834469461
  trainer.lr: 4.8280425192712865e-05
  trainer.vth: 1.427398729877027
trial: 7
value: 0.8593
