params:
  model.beta: 0.882069553542002
  model.threshold: 0.7912291401980419
  trainer.feedback_scale: 1.097037220101252
  trainer.lr: 0.00016480446427978953
trial: 4
value: 0.8081
