params:
  dataset.seed: 987
  model.beta: 0.9524174263432675
  model.threshold: 0.5745506436797708
  trainer.alpha: 0.31407843910613786
  trainer.beta: 0.7659210807475417
  trainer.lr: 0.00020874681332882274
  trainer.vth: 0.46910906996971513
trial: 9
value: 0.547
