params:
  dataset.seed: 515
  model.beta: 0.9491834326646726
  model.threshold: 0.6996737821583597
  trainer.alpha: 0.324615969623105
  trainer.beta: 0.6795173032139089
  trainer.lr: 3.280829084730047e-05
  trainer.vth: 0.8472839810604431
trial: 3
value: 0.3482
