params:
  model.beta: 0.9154335218612732
  model.threshold: 0.6705241236872915
  trainer.feedback_scale: 0.18825578416799568
  trainer.lr: 0.00234238498471129
trial: 7
value: 0.8227
