params:
  dataset.seed: 213
  model.beta: 0.9842828719107789
  model.threshold: 1.3324426408004217
  trainer.delta: 0.1185260448662222
  trainer.g_scale: 1.2421185223120967
  trainer.lr: 0.029154431891537533
  trainer.surrogate_scale: 14.453378978124864
trial: 1
value: 0.9311
